

input size   - instructions(merge sort)- instructions(quicksort)

10	450	451
100	8074	36330
500	56054	884457
1000	157334	3538025
2000	343243	14085852
5000	887183	87695074
10000	2062597	350520936
20000	4410518	1401081771
50000	11075056	8752672341
100000	25357492	35006107901



input size    instructions(quicksort)
10	451
100	36330
500	884457
1000	3538025
2000	14085852
5000	87695074
10000	350520936
20000	1401081771
50000	8752672341
100000	35006107901


input size   - instructions(merge sort)- instructions(quicksort)//small input here
5	131	173
10	550	619
15	1159	1195
20	2068	1873
25	3050	2564
30	4355	3277
35	5563	4022
40	6990	4825
45	8783	5642
50	10772	6454
